% File written by heat1dImp.C
xa=0; xb=1; kappa=0.1; t=1; maxErr= 1.480e-15; cpuTimeStep= 2.231e-03;
Nx=160; dx=  6.250000e-03; numGhost=1; n1a=0; n1b=160; nd1a=-1; nd1b=161;
solutionName='polyDD';
x=[-6.250000000000000e-03 0.000000000000000e+00 6.250000000000000e-03 1.250000000000000e-02 1.875000000000000e-02 2.500000000000000e-02 3.125000000000000e-02 3.750000000000001e-02 ...
4.375000000000000e-02 5.000000000000000e-02 5.625000000000000e-02 6.250000000000000e-02 6.875000000000001e-02 7.500000000000001e-02 8.125000000000000e-02 8.750000000000001e-02 ...
9.375000000000000e-02 1.000000000000000e-01 1.062500000000000e-01 1.125000000000000e-01 1.187500000000000e-01 1.250000000000000e-01 1.312500000000000e-01 1.375000000000000e-01 ...
1.437500000000000e-01 1.500000000000000e-01 1.562500000000000e-01 1.625000000000000e-01 1.687500000000000e-01 1.750000000000000e-01 1.812500000000000e-01 1.875000000000000e-01 ...
1.937500000000000e-01 2.000000000000000e-01 2.062500000000000e-01 2.125000000000000e-01 2.187500000000000e-01 2.250000000000000e-01 2.312500000000000e-01 2.375000000000000e-01 ...
2.437500000000000e-01 2.500000000000000e-01 2.562500000000000e-01 2.625000000000000e-01 2.687500000000000e-01 2.750000000000000e-01 2.812500000000000e-01 2.875000000000000e-01 ...
2.937500000000000e-01 3.000000000000000e-01 3.062500000000000e-01 3.125000000000000e-01 3.187500000000000e-01 3.250000000000000e-01 3.312500000000000e-01 3.375000000000000e-01 ...
3.437500000000000e-01 3.500000000000000e-01 3.562500000000000e-01 3.625000000000000e-01 3.687500000000000e-01 3.750000000000000e-01 3.812500000000000e-01 3.875000000000000e-01 ...
3.937500000000000e-01 4.000000000000000e-01 4.062500000000000e-01 4.125000000000000e-01 4.187500000000000e-01 4.250000000000000e-01 4.312500000000000e-01 4.375000000000000e-01 ...
4.437500000000000e-01 4.500000000000000e-01 4.562500000000000e-01 4.625000000000000e-01 4.687500000000000e-01 4.750000000000000e-01 4.812500000000000e-01 4.875000000000000e-01 ...
4.937500000000000e-01 5.000000000000000e-01 5.062500000000000e-01 5.125000000000001e-01 5.187500000000000e-01 5.250000000000000e-01 5.312500000000000e-01 5.375000000000000e-01 ...
5.437500000000001e-01 5.500000000000000e-01 5.562500000000000e-01 5.625000000000000e-01 5.687500000000000e-01 5.750000000000001e-01 5.812500000000000e-01 5.875000000000000e-01 ...
5.937500000000000e-01 6.000000000000001e-01 6.062500000000001e-01 6.125000000000000e-01 6.187500000000000e-01 6.250000000000000e-01 6.312500000000001e-01 6.375000000000001e-01 ...
6.437500000000000e-01 6.500000000000000e-01 6.562500000000000e-01 6.625000000000001e-01 6.687500000000001e-01 6.750000000000000e-01 6.812500000000000e-01 6.875000000000000e-01 ...
6.937500000000001e-01 7.000000000000001e-01 7.062500000000000e-01 7.125000000000000e-01 7.187500000000000e-01 7.250000000000001e-01 7.312500000000001e-01 7.375000000000000e-01 ...
7.437500000000000e-01 7.500000000000000e-01 7.562500000000001e-01 7.625000000000001e-01 7.687500000000000e-01 7.750000000000000e-01 7.812500000000000e-01 7.875000000000001e-01 ...
7.937500000000001e-01 8.000000000000000e-01 8.062500000000000e-01 8.125000000000000e-01 8.187500000000001e-01 8.250000000000001e-01 8.312500000000000e-01 8.375000000000000e-01 ...
8.437500000000000e-01 8.500000000000001e-01 8.562500000000001e-01 8.625000000000000e-01 8.687500000000000e-01 8.750000000000000e-01 8.812500000000001e-01 8.875000000000001e-01 ...
8.937500000000000e-01 9.000000000000000e-01 9.062500000000000e-01 9.125000000000001e-01 9.187500000000001e-01 9.250000000000000e-01 9.312500000000000e-01 9.375000000000000e-01 ...
9.437500000000001e-01 9.500000000000001e-01 9.562500000000000e-01 9.625000000000000e-01 9.687500000000000e-01 9.750000000000001e-01 9.812500000000001e-01 9.875000000000000e-01 ...
9.937500000000000e-01 1.000000000000000e+00 1.006250000000000e+00 ];
u=[1.196261718750000e+00 1.200000000000000e+00 1.203761718750000e+00 1.207546875000000e+00 1.211355468750000e+00 1.215187500000000e+00 1.219042968750000e+00 1.222921875000000e+00 ...
1.226824218750000e+00 1.230750000000000e+00 1.234699218750000e+00 1.238671875000000e+00 1.242667968750000e+00 1.246687500000000e+00 1.250730468750000e+00 1.254796874999999e+00 ...
1.258886718749999e+00 1.262999999999999e+00 1.267136718749999e+00 1.271296874999999e+00 1.275480468749999e+00 1.279687499999999e+00 1.283917968749999e+00 1.288171874999999e+00 ...
1.292449218749999e+00 1.296749999999999e+00 1.301074218749998e+00 1.305421874999998e+00 1.309792968749998e+00 1.314187499999999e+00 1.318605468749999e+00 1.323046874999999e+00 ...
1.327511718749999e+00 1.331999999999999e+00 1.336511718749998e+00 1.341046874999999e+00 1.345605468749999e+00 1.350187499999999e+00 1.354792968749999e+00 1.359421874999999e+00 ...
1.364074218749999e+00 1.368749999999999e+00 1.373449218749999e+00 1.378171874999999e+00 1.382917968749999e+00 1.387687500000000e+00 1.392480468750000e+00 1.397296875000000e+00 ...
1.402136718750000e+00 1.407000000000000e+00 1.411886718750000e+00 1.416796875000000e+00 1.421730468750000e+00 1.426687500000001e+00 1.431667968750000e+00 1.436671875000001e+00 ...
1.441699218750001e+00 1.446750000000001e+00 1.451824218750001e+00 1.456921875000001e+00 1.462042968750001e+00 1.467187500000001e+00 1.472355468750001e+00 1.477546875000001e+00 ...
1.482761718750001e+00 1.488000000000001e+00 1.493261718750001e+00 1.498546875000001e+00 1.503855468750001e+00 1.509187500000001e+00 1.514542968750001e+00 1.519921875000002e+00 ...
1.525324218750002e+00 1.530750000000002e+00 1.536199218750002e+00 1.541671875000002e+00 1.547167968750001e+00 1.552687500000002e+00 1.558230468750002e+00 1.563796875000002e+00 ...
1.569386718750002e+00 1.575000000000002e+00 1.580636718750002e+00 1.586296875000002e+00 1.591980468750002e+00 1.597687500000002e+00 1.603417968750002e+00 1.609171875000003e+00 ...
1.614949218750002e+00 1.620750000000003e+00 1.626574218750003e+00 1.632421875000003e+00 1.638292968750003e+00 1.644187500000003e+00 1.650105468750003e+00 1.656046875000002e+00 ...
1.662011718750003e+00 1.668000000000003e+00 1.674011718750003e+00 1.680046875000003e+00 1.686105468750003e+00 1.692187500000003e+00 1.698292968750003e+00 1.704421875000002e+00 ...
1.710574218750003e+00 1.716750000000002e+00 1.722949218750002e+00 1.729171875000002e+00 1.735417968750002e+00 1.741687500000002e+00 1.747980468750003e+00 1.754296875000003e+00 ...
1.760636718750002e+00 1.767000000000003e+00 1.773386718750003e+00 1.779796875000003e+00 1.786230468750003e+00 1.792687500000003e+00 1.799167968750003e+00 1.805671875000002e+00 ...
1.812199218750003e+00 1.818750000000002e+00 1.825324218750002e+00 1.831921875000002e+00 1.838542968750002e+00 1.845187500000002e+00 1.851855468750002e+00 1.858546875000002e+00 ...
1.865261718750002e+00 1.872000000000002e+00 1.878761718750002e+00 1.885546875000002e+00 1.892355468750001e+00 1.899187500000001e+00 1.906042968750002e+00 1.912921875000001e+00 ...
1.919824218750001e+00 1.926750000000001e+00 1.933699218750001e+00 1.940671875000001e+00 1.947667968750001e+00 1.954687500000001e+00 1.961730468750001e+00 1.968796875000001e+00 ...
1.975886718750001e+00 1.983000000000001e+00 1.990136718750000e+00 1.997296875000001e+00 2.004480468750001e+00 2.011687500000001e+00 2.018917968750001e+00 2.026171875000001e+00 ...
2.033449218750000e+00 2.040750000000000e+00 2.048074218750001e+00 2.055421875000000e+00 2.062792968750001e+00 2.070187500000000e+00 2.077605468750000e+00 2.085046875000000e+00 ...
2.092511718750000e+00 2.100000000000000e+00 2.107511718750001e+00 ];
