% File written by heat1dImp.C
xa=0; xb=1; kappa=0.1; t=1; maxErr= 2.876e-04; cpuTimeStep= 1.485e-03;
Nx=160; dx=  6.250000e-03; numGhost=1; n1a=0; n1b=160; nd1a=-1; nd1b=161;
solutionName='trueDD';
x=[-6.250000000000000e-03 0.000000000000000e+00 6.250000000000000e-03 1.250000000000000e-02 1.875000000000000e-02 2.500000000000000e-02 3.125000000000000e-02 3.750000000000001e-02 ...
4.375000000000000e-02 5.000000000000000e-02 5.625000000000000e-02 6.250000000000000e-02 6.875000000000001e-02 7.500000000000001e-02 8.125000000000000e-02 8.750000000000001e-02 ...
9.375000000000000e-02 1.000000000000000e-01 1.062500000000000e-01 1.125000000000000e-01 1.187500000000000e-01 1.250000000000000e-01 1.312500000000000e-01 1.375000000000000e-01 ...
1.437500000000000e-01 1.500000000000000e-01 1.562500000000000e-01 1.625000000000000e-01 1.687500000000000e-01 1.750000000000000e-01 1.812500000000000e-01 1.875000000000000e-01 ...
1.937500000000000e-01 2.000000000000000e-01 2.062500000000000e-01 2.125000000000000e-01 2.187500000000000e-01 2.250000000000000e-01 2.312500000000000e-01 2.375000000000000e-01 ...
2.437500000000000e-01 2.500000000000000e-01 2.562500000000000e-01 2.625000000000000e-01 2.687500000000000e-01 2.750000000000000e-01 2.812500000000000e-01 2.875000000000000e-01 ...
2.937500000000000e-01 3.000000000000000e-01 3.062500000000000e-01 3.125000000000000e-01 3.187500000000000e-01 3.250000000000000e-01 3.312500000000000e-01 3.375000000000000e-01 ...
3.437500000000000e-01 3.500000000000000e-01 3.562500000000000e-01 3.625000000000000e-01 3.687500000000000e-01 3.750000000000000e-01 3.812500000000000e-01 3.875000000000000e-01 ...
3.937500000000000e-01 4.000000000000000e-01 4.062500000000000e-01 4.125000000000000e-01 4.187500000000000e-01 4.250000000000000e-01 4.312500000000000e-01 4.375000000000000e-01 ...
4.437500000000000e-01 4.500000000000000e-01 4.562500000000000e-01 4.625000000000000e-01 4.687500000000000e-01 4.750000000000000e-01 4.812500000000000e-01 4.875000000000000e-01 ...
4.937500000000000e-01 5.000000000000000e-01 5.062500000000000e-01 5.125000000000001e-01 5.187500000000000e-01 5.250000000000000e-01 5.312500000000000e-01 5.375000000000000e-01 ...
5.437500000000001e-01 5.500000000000000e-01 5.562500000000000e-01 5.625000000000000e-01 5.687500000000000e-01 5.750000000000001e-01 5.812500000000000e-01 5.875000000000000e-01 ...
5.937500000000000e-01 6.000000000000001e-01 6.062500000000001e-01 6.125000000000000e-01 6.187500000000000e-01 6.250000000000000e-01 6.312500000000001e-01 6.375000000000001e-01 ...
6.437500000000000e-01 6.500000000000000e-01 6.562500000000000e-01 6.625000000000001e-01 6.687500000000001e-01 6.750000000000000e-01 6.812500000000000e-01 6.875000000000000e-01 ...
6.937500000000001e-01 7.000000000000001e-01 7.062500000000000e-01 7.125000000000000e-01 7.187500000000000e-01 7.250000000000001e-01 7.312500000000001e-01 7.375000000000000e-01 ...
7.437500000000000e-01 7.500000000000000e-01 7.562500000000001e-01 7.625000000000001e-01 7.687500000000000e-01 7.750000000000000e-01 7.812500000000000e-01 7.875000000000001e-01 ...
7.937500000000001e-01 8.000000000000000e-01 8.062500000000000e-01 8.125000000000000e-01 8.187500000000001e-01 8.250000000000001e-01 8.312500000000000e-01 8.375000000000000e-01 ...
8.437500000000000e-01 8.500000000000001e-01 8.562500000000001e-01 8.625000000000000e-01 8.687500000000000e-01 8.750000000000000e-01 8.812500000000001e-01 8.875000000000001e-01 ...
8.937500000000000e-01 9.000000000000000e-01 9.062500000000000e-01 9.125000000000001e-01 9.187500000000001e-01 9.250000000000000e-01 9.312500000000000e-01 9.375000000000000e-01 ...
9.437500000000001e-01 9.500000000000001e-01 9.562500000000000e-01 9.625000000000000e-01 9.687500000000000e-01 9.750000000000001e-01 9.812500000000001e-01 9.875000000000000e-01 ...
9.937500000000000e-01 1.000000000000000e+00 1.006250000000000e+00 ];
u=[-8.200597184954739e-06 0.000000000000000e+00 8.172249452517921e-06 1.631615117259902e-05 2.440345575984332e-05 3.240611013683240e-05 4.029635485907285e-05 4.804682040639196e-05 ...
5.563062212177178e-05 6.302145346829970e-05 7.019367728074793e-05 7.712241469524998e-05 8.378363144859683e-05 9.015422124779965e-05 9.621208592072832e-05 1.019362120698006e-04 ...
1.073067439628278e-04 1.123050524081740e-04 1.169137993753168e-04 1.211169981366540e-04 1.249000687219391e-04 1.282498884929849e-04 1.311548376632034e-04 1.336048396040852e-04 ...
1.355913957988029e-04 1.371076153216932e-04 1.381482387413597e-04 1.387096563644812e-04 1.387899207570423e-04 1.383887534995530e-04 1.375075461528246e-04 1.361493554309516e-04 ...
1.343188925982446e-04 1.320225071268922e-04 1.292681646720413e-04 1.260654194406949e-04 1.224253810502733e-04 1.183606759917998e-04 1.138854038313855e-04 1.090150883019415e-04 ...
1.037666234547711e-04 9.815821505782755e-05 9.220931744391845e-05 8.594056602791091e-05 7.937370572702613e-05 7.253151553251239e-05 6.543772949434510e-05 5.811695439303689e-05 ...
5.059458438413925e-05 4.289671291151258e-05 3.505004219491988e-05 2.708179060591064e-05 1.901959825328806e-05 1.089143110566264e-05 2.725483983669893e-06 -5.449917241649093e-06 ...
-1.360641390505223e-05 -2.171571291705668e-05 -2.974968490643146e-05 -3.768046179478724e-05 -4.548053346479912e-05 -5.312284318674119e-05 -6.058088147231952e-05 -6.782877803024501e-05 ...
-7.484139150457317e-05 -8.159439668452714e-05 -8.806436888329360e-05 -9.422886519309907e-05 -1.000665023347114e-04 -1.055570308313233e-04 -1.106814052495244e-04 -1.154218502637135e-04 ...
-1.197619223147857e-04 -1.236865666492149e-04 -1.271821695406767e-04 -1.302366055130645e-04 -1.328392794010946e-04 -1.349811631025990e-04 -1.366548268950230e-04 -1.378544652074950e-04 ...
-1.385759167590726e-04 -1.388166789933092e-04 -1.385759167590711e-04 -1.378544652074920e-04 -1.366548268950185e-04 -1.349811631025931e-04 -1.328392794010872e-04 -1.302366055130556e-04 ...
-1.271821695406663e-04 -1.236865666492031e-04 -1.197619223147725e-04 -1.154218502636990e-04 -1.106814052495084e-04 -1.055570308313060e-04 -1.000665023346928e-04 -9.422886519307921e-05 ...
-8.806436888327251e-05 -8.159439668450475e-05 -7.484139150454966e-05 -6.782877803022036e-05 -6.058088147229370e-05 -5.312284318671435e-05 -4.548053346477121e-05 -3.768046179475836e-05 ...
-2.974968490640161e-05 -2.171571291702594e-05 -1.360641390502060e-05 -5.449917241616665e-06 2.725483983703098e-06 1.089143110569655e-05 1.901959825332264e-05 2.708179060594584e-05 ...
3.505004219495562e-05 4.289671291154882e-05 5.059458438417593e-05 5.811695439307397e-05 6.543772949438252e-05 7.253151553255007e-05 7.937370572706404e-05 8.594056602794898e-05 ...
9.220931744395655e-05 9.815821505786585e-05 1.037666234548092e-04 1.090150883019797e-04 1.138854038314234e-04 1.183606759918376e-04 1.224253810503108e-04 1.260654194407321e-04 ...
1.292681646720782e-04 1.320225071269287e-04 1.343188925982807e-04 1.361493554309871e-04 1.375075461528595e-04 1.383887534995872e-04 1.387899207570758e-04 1.387096563645140e-04 ...
1.381482387413917e-04 1.371076153217243e-04 1.355913957988331e-04 1.336048396041145e-04 1.311548376632316e-04 1.282498884930122e-04 1.249000687219652e-04 1.211169981366790e-04 ...
1.169137993753406e-04 1.123050524081966e-04 1.073067439628492e-04 1.019362120698207e-04 9.621208592074713e-05 9.015422124781711e-05 8.378363144861289e-05 7.712241469526467e-05 ...
7.019367728076120e-05 6.302145346831156e-05 5.563062212178221e-05 4.804682040640094e-05 4.029635485908037e-05 3.240611013683843e-05 2.440345575984789e-05 1.631615117260207e-05 ...
8.172249452519490e-06 5.098575438155185e-20 -8.200597184956247e-06 ];
