% File written by heat1dImp.C
xa=0; xb=1; kappa=0.1; t=1; maxErr= 2.076e-02; cpuTimeStep= 1.210e-04;
Nx=20; dx=  5.000000e-02; numGhost=1; n1a=0; n1b=20; nd1a=-1; nd1b=21;
solutionName='trueDD';
x=[-5.000000000000000e-02 0.000000000000000e+00 5.000000000000000e-02 1.000000000000000e-01 1.500000000000000e-01 2.000000000000000e-01 2.500000000000000e-01 3.000000000000000e-01 ...
3.500000000000000e-01 4.000000000000000e-01 4.500000000000000e-01 5.000000000000000e-01 5.500000000000000e-01 6.000000000000001e-01 6.500000000000000e-01 7.000000000000001e-01 ...
7.500000000000000e-01 8.000000000000000e-01 8.500000000000001e-01 9.000000000000000e-01 9.500000000000001e-01 1.000000000000000e+00 1.050000000000000e+00 ];
u=[-7.836401490326709e-05 0.000000000000000e+00 6.433896093782360e-05 1.146528679102037e-04 1.399739457119756e-04 1.347825297813163e-04 1.002102810515598e-04 4.379349863406768e-05 ...
-2.216969505157719e-05 -8.330018449450541e-05 -1.262723206498144e-04 -1.417187385522679e-04 -1.262723206498109e-04 -8.330018449449881e-05 -2.216969505156808e-05 4.379349863407846e-05 ...
1.002102810515711e-04 1.347825297813272e-04 1.399739457119848e-04 1.146528679102104e-04 6.433896093782717e-05 5.098575438155185e-20 -7.836401490327093e-05 ];
err=[1.247229224156478e-313 0.000000000000000e+00 1.335630433620564e-06 2.380110860521840e-06 2.905758176414405e-06 2.797988125278778e-06 2.080293172039197e-06 9.091214517486292e-07 ...
-4.602268824587151e-07 -1.729251761497890e-06 -2.621322320452379e-06 -2.941978817542438e-06 -2.621322320448910e-06 -1.729251761491344e-06 -4.602268824496180e-07 9.091214517592815e-07 ...
2.080293172050540e-06 2.797988125289647e-06 2.905758176423648e-06 2.380110860528549e-06 1.335630433624209e-06 0.000000000000000e+00 0.000000000000000e+00 ];
