% File written by heat1dImp.C
xa=0; xb=1; kappa=0.1; t=1; maxErr= 4.742e-03; cpuTimeStep= 2.250e-04;
Nx=40; dx=  2.500000e-02; numGhost=1; n1a=0; n1b=40; nd1a=-1; nd1b=41;
solutionName='trueDD';
x=[-2.500000000000000e-02 0.000000000000000e+00 2.500000000000000e-02 5.000000000000000e-02 7.500000000000001e-02 1.000000000000000e-01 1.250000000000000e-01 1.500000000000000e-01 ...
1.750000000000000e-01 2.000000000000000e-01 2.250000000000000e-01 2.500000000000000e-01 2.750000000000000e-01 3.000000000000000e-01 3.250000000000000e-01 3.500000000000000e-01 ...
3.750000000000000e-01 4.000000000000000e-01 4.250000000000000e-01 4.500000000000000e-01 4.750000000000000e-01 5.000000000000000e-01 5.250000000000000e-01 5.500000000000000e-01 ...
5.750000000000001e-01 6.000000000000001e-01 6.250000000000000e-01 6.500000000000000e-01 6.750000000000000e-01 7.000000000000001e-01 7.250000000000001e-01 7.500000000000000e-01 ...
7.750000000000000e-01 8.000000000000000e-01 8.250000000000001e-01 8.500000000000001e-01 8.750000000000000e-01 9.000000000000000e-01 9.250000000000000e-01 9.500000000000001e-01 ...
9.750000000000001e-01 1.000000000000000e+00 1.025000000000000e+00 ];
u=[-3.434991882455100e-05 0.000000000000000e+00 3.255113776913624e-05 6.330349448285771e-05 9.055769001324616e-05 1.128076531762978e-04 1.288238474653250e-04 1.377212154340636e-04 ...
1.390080871120589e-04 1.326133497655090e-04 1.188903775982562e-04 9.859750423702388e-05 7.285611709447360e-05 4.308868932225111e-05 1.094017371816241e-05 -2.181289762731753e-05 ...
-5.336058477719620e-05 -8.195955751703295e-05 -1.060294320601350e-04 -1.242401033072145e-04 -1.355852466659346e-04 -1.394379277080926e-04 -1.355852466659342e-04 -1.242401033072138e-04 ...
-1.060294320601339e-04 -8.195955751703160e-05 -5.336058477719460e-05 -2.181289762731566e-05 1.094017371816444e-05 4.308868932225331e-05 7.285611709447585e-05 9.859750423702618e-05 ...
1.188903775982585e-04 1.326133497655112e-04 1.390080871120610e-04 1.377212154340655e-04 1.288238474653267e-04 1.128076531762992e-04 9.055769001324724e-05 6.330349448285848e-05 ...
3.255113776913666e-05 5.098575438155185e-20 -3.434991882455135e-05 ];
err=[1.237243625493546e-313 0.000000000000000e+00 1.543465981196834e-07 3.001639786546774e-07 4.293942499418620e-07 5.348961266159516e-07 6.108395581756753e-07 6.530278985025003e-07 ...
6.591298131935011e-07 6.288081094714512e-07 5.637383695115028e-07 4.675163575032715e-07 3.454593171494438e-07 2.043121399320589e-07 5.187464133543024e-08 -1.034294581990566e-07 ...
-2.530180294060854e-07 -3.886247840254297e-07 -5.027560712075028e-07 -5.891049778525325e-07 -6.428998496320348e-07 -6.611679733670942e-07 -6.428998496317095e-07 -5.891049778518277e-07 ...
-5.027560712065406e-07 -3.886247840241287e-07 -2.530180294043846e-07 -1.034294581971999e-07 5.187464133744787e-08 2.043121399341325e-07 3.454593171516799e-07 4.675163575055890e-07 ...
5.637383695137796e-07 6.288081094736196e-07 6.591298131955882e-07 6.530278985043705e-07 6.108395581773288e-07 5.348961266173205e-07 4.293942499428919e-07 3.001639786555176e-07 ...
1.543465981201171e-07 0.000000000000000e+00 0.000000000000000e+00 ];
