% File written by heat1dImp.C
xa=0; xb=1; kappa=0.1; t=1; maxErr= 1.157e-03; cpuTimeStep= 5.470e-04;
Nx=80; dx=  1.250000e-02; numGhost=1; n1a=0; n1b=80; nd1a=-1; nd1b=81;
solutionName='trueDD';
x=[-1.250000000000000e-02 0.000000000000000e+00 1.250000000000000e-02 2.500000000000000e-02 3.750000000000001e-02 5.000000000000000e-02 6.250000000000000e-02 7.500000000000001e-02 ...
8.750000000000001e-02 1.000000000000000e-01 1.125000000000000e-01 1.250000000000000e-01 1.375000000000000e-01 1.500000000000000e-01 1.625000000000000e-01 1.750000000000000e-01 ...
1.875000000000000e-01 2.000000000000000e-01 2.125000000000000e-01 2.250000000000000e-01 2.375000000000000e-01 2.500000000000000e-01 2.625000000000000e-01 2.750000000000000e-01 ...
2.875000000000000e-01 3.000000000000000e-01 3.125000000000000e-01 3.250000000000000e-01 3.375000000000000e-01 3.500000000000000e-01 3.625000000000000e-01 3.750000000000000e-01 ...
3.875000000000000e-01 4.000000000000000e-01 4.125000000000000e-01 4.250000000000000e-01 4.375000000000000e-01 4.500000000000000e-01 4.625000000000000e-01 4.750000000000000e-01 ...
4.875000000000000e-01 5.000000000000000e-01 5.125000000000001e-01 5.250000000000000e-01 5.375000000000000e-01 5.500000000000000e-01 5.625000000000000e-01 5.750000000000001e-01 ...
5.875000000000000e-01 6.000000000000001e-01 6.125000000000000e-01 6.250000000000000e-01 6.375000000000001e-01 6.500000000000000e-01 6.625000000000001e-01 6.750000000000000e-01 ...
6.875000000000000e-01 7.000000000000001e-01 7.125000000000000e-01 7.250000000000001e-01 7.375000000000000e-01 7.500000000000000e-01 7.625000000000001e-01 7.750000000000000e-01 ...
7.875000000000001e-01 8.000000000000000e-01 8.125000000000000e-01 8.250000000000001e-01 8.375000000000000e-01 8.500000000000001e-01 8.625000000000000e-01 8.750000000000000e-01 ...
8.875000000000001e-01 9.000000000000000e-01 9.125000000000001e-01 9.250000000000000e-01 9.375000000000000e-01 9.500000000000001e-01 9.625000000000000e-01 9.750000000000001e-01 ...
9.875000000000000e-01 1.000000000000000e+00 1.012500000000000e+00 ];
u=[-1.655674752357124e-05 0.000000000000000e+00 1.633035835974718e-05 3.243432755567029e-05 4.808865687641323e-05 6.307632900691912e-05 7.718956855815189e-05 9.023272247520201e-05 ...
1.020249723924305e-04 1.124028413340382e-04 1.212224600094555e-04 1.283615612857029e-04 1.337211751871814e-04 1.372270009249652e-04 1.388304369350342e-04 1.385092546459408e-04 ...
1.362679066354096e-04 1.321374649038684e-04 1.261751901206320e-04 1.184637378143137e-04 1.091100125121159e-04 9.824368571316683e-05 8.601539824136379e-05 7.259467189866365e-05 ...
5.816755936974756e-05 4.293406495763615e-05 2.710537190681834e-05 1.090091475175216e-05 -5.454662722977576e-06 -2.173462173878461e-05 -3.771327182228871e-05 -5.316909957177791e-05 ...
-6.788783951656654e-05 -8.166544449766148e-05 -9.431091439109382e-05 -1.056489439590804e-04 -1.155223531216278e-04 -1.237942659575122e-04 -1.303500082269596e-04 -1.350986971105040e-04 ...
-1.379745011253372e-04 -1.389375527528234e-04 -1.379745011253414e-04 -1.350986971105125e-04 -1.303500082269723e-04 -1.237942659575290e-04 -1.155223531216486e-04 -1.056489439591051e-04 ...
-9.431091439112225e-05 -8.166544449769345e-05 -6.788783951660189e-05 -5.316909957181644e-05 -3.771327182233015e-05 -2.173462173882873e-05 -5.454662723024102e-06 1.090091475170351e-05 ...
2.710537190676785e-05 4.293406495758415e-05 5.816755936969434e-05 7.259467189860956e-05 8.601539824130919e-05 9.824368571311197e-05 1.091100125120613e-04 1.184637378142595e-04 ...
1.261751901205786e-04 1.321374649038161e-04 1.362679066353587e-04 1.385092546458918e-04 1.388304369349872e-04 1.372270009249206e-04 1.337211751871395e-04 1.283615612856638e-04 ...
1.212224600094196e-04 1.124028413340057e-04 1.020249723924016e-04 9.023272247517695e-05 7.718956855813077e-05 6.307632900690206e-05 4.808865687640034e-05 3.243432755566167e-05 ...
1.633035835974288e-05 5.098575438155185e-20 -1.655674752356680e-05 ];
err=[1.268363044457902e-313 0.000000000000000e+00 1.889919289590884e-08 3.753638465373401e-08 5.565320627972081e-08 7.299850271609250e-08 8.933181462511173e-08 1.044267118977069e-07 ...
1.180739326736509e-07 1.300842843563366e-07 1.402912664065509e-07 1.485533785535104e-07 1.547560824251965e-07 1.588133894040290e-07 1.606690526940503e-07 1.602973470754272e-07 ...
1.577034255351108e-07 1.529232478308148e-07 1.460230819776761e-07 1.370985855689776e-07 1.262734796667742e-07 1.136978336462187e-07 9.954598477065980e-08 8.401412133949529e-08 ...
6.731756291269763e-08 4.968777531710536e-08 3.136916181583553e-08 1.261567492518147e-08 -6.312704151708441e-09 -2.515356966613616e-08 -4.364572907750104e-08 -6.153282398779661e-08 ...
-7.856688406034529e-08 -9.451176465395900e-08 -1.091464205162231e-07 -1.222679701529811e-07 -1.336945083921552e-07 -1.432676281502203e-07 -1.508546164439412e-07 -1.563502942014314e-07 ...
-1.596784743687922e-07 -1.607930180979103e-07 -1.596784743730748e-07 -1.563502942099695e-07 -1.508546164565993e-07 -1.432676281670254e-07 -1.336945084129447e-07 -1.222679701777144e-07 ...
-1.091464205446564e-07 -9.451176468598362e-08 -7.856688409574450e-08 -6.153282402622480e-08 -4.364572911894467e-08 -2.515356971026996e-08 -6.312704198307959e-09 1.261567487651604e-08 ...
3.136916176539641e-08 4.968777526497556e-08 6.731756285951074e-08 8.401412128539361e-08 9.954598471604312e-08 1.136978335913852e-07 1.262734796120897e-07 1.370985855147540e-07 ...
1.460230819242520e-07 1.529232477785563e-07 1.577034254842888e-07 1.602973470263942e-07 1.606690526470772e-07 1.588133893595225e-07 1.547560823832379e-07 1.485533785144791e-07 ...
1.402912663707451e-07 1.300842843238647e-07 1.180739326447976e-07 1.044267118725941e-07 8.933181460398334e-08 7.299850269909763e-08 5.565320626676459e-08 3.753638464512138e-08 ...
1.889919289171094e-08 0.000000000000000e+00 0.000000000000000e+00 ];
