% File written by heat1dImp.C
xa=0; xb=1; kappa=0.1; t=1; maxErr= 6.027e-15; cpuTimeStep= 6.550e-04;
Nx=80; dx=  1.250000e-02; numGhost=1; n1a=0; n1b=80; nd1a=-1; nd1b=81;
solutionName='polyDD';
x=[-1.250000000000000e-02 0.000000000000000e+00 1.250000000000000e-02 2.500000000000000e-02 3.750000000000001e-02 5.000000000000000e-02 6.250000000000000e-02 7.500000000000001e-02 ...
8.750000000000001e-02 1.000000000000000e-01 1.125000000000000e-01 1.250000000000000e-01 1.375000000000000e-01 1.500000000000000e-01 1.625000000000000e-01 1.750000000000000e-01 ...
1.875000000000000e-01 2.000000000000000e-01 2.125000000000000e-01 2.250000000000000e-01 2.375000000000000e-01 2.500000000000000e-01 2.625000000000000e-01 2.750000000000000e-01 ...
2.875000000000000e-01 3.000000000000000e-01 3.125000000000000e-01 3.250000000000000e-01 3.375000000000000e-01 3.500000000000000e-01 3.625000000000000e-01 3.750000000000000e-01 ...
3.875000000000000e-01 4.000000000000000e-01 4.125000000000000e-01 4.250000000000000e-01 4.375000000000000e-01 4.500000000000000e-01 4.625000000000000e-01 4.750000000000000e-01 ...
4.875000000000000e-01 5.000000000000000e-01 5.125000000000001e-01 5.250000000000000e-01 5.375000000000000e-01 5.500000000000000e-01 5.625000000000000e-01 5.750000000000001e-01 ...
5.875000000000000e-01 6.000000000000001e-01 6.125000000000000e-01 6.250000000000000e-01 6.375000000000001e-01 6.500000000000000e-01 6.625000000000001e-01 6.750000000000000e-01 ...
6.875000000000000e-01 7.000000000000001e-01 7.125000000000000e-01 7.250000000000001e-01 7.375000000000000e-01 7.500000000000000e-01 7.625000000000001e-01 7.750000000000000e-01 ...
7.875000000000001e-01 8.000000000000000e-01 8.125000000000000e-01 8.250000000000001e-01 8.375000000000000e-01 8.500000000000001e-01 8.625000000000000e-01 8.750000000000000e-01 ...
8.875000000000001e-01 9.000000000000000e-01 9.125000000000001e-01 9.250000000000000e-01 9.375000000000000e-01 9.500000000000001e-01 9.625000000000000e-01 9.750000000000001e-01 ...
9.875000000000000e-01 1.000000000000000e+00 1.012500000000000e+00 ];
u=[1.192546874999999e+00 1.200000000000000e+00 1.207546875000000e+00 1.215187500000000e+00 1.222921875000001e+00 1.230750000000001e+00 1.238671875000001e+00 1.246687500000001e+00 ...
1.254796875000001e+00 1.263000000000001e+00 1.271296875000002e+00 1.279687500000001e+00 1.288171875000002e+00 1.296750000000001e+00 1.305421875000001e+00 1.314187500000001e+00 ...
1.323046875000001e+00 1.332000000000001e+00 1.341046875000001e+00 1.350187500000000e+00 1.359421875000000e+00 1.368750000000000e+00 1.378171875000000e+00 1.387687500000000e+00 ...
1.397296874999999e+00 1.406999999999999e+00 1.416796874999999e+00 1.426687499999998e+00 1.436671874999998e+00 1.446749999999998e+00 1.456921874999997e+00 1.467187499999997e+00 ...
1.477546874999996e+00 1.487999999999995e+00 1.498546874999995e+00 1.509187499999994e+00 1.519921874999994e+00 1.530749999999993e+00 1.541671874999993e+00 1.552687499999992e+00 ...
1.563796874999992e+00 1.574999999999992e+00 1.586296874999991e+00 1.597687499999990e+00 1.609171874999990e+00 1.620749999999990e+00 1.632421874999989e+00 1.644187499999989e+00 ...
1.656046874999988e+00 1.667999999999988e+00 1.680046874999988e+00 1.692187499999988e+00 1.704421874999988e+00 1.716749999999988e+00 1.729171874999987e+00 1.741687499999988e+00 ...
1.754296874999987e+00 1.766999999999987e+00 1.779796874999988e+00 1.792687499999988e+00 1.805671874999988e+00 1.818749999999988e+00 1.831921874999988e+00 1.845187499999989e+00 ...
1.858546874999989e+00 1.871999999999989e+00 1.885546874999990e+00 1.899187499999990e+00 1.912921874999991e+00 1.926749999999991e+00 1.940671874999992e+00 1.954687499999993e+00 ...
1.968796874999993e+00 1.982999999999994e+00 1.997296874999995e+00 2.011687499999995e+00 2.026171874999996e+00 2.040749999999997e+00 2.055421874999997e+00 2.070187499999998e+00 ...
2.085046874999999e+00 2.100000000000000e+00 2.115046875000002e+00 ];
err=[1.257192916442740e-313 0.000000000000000e+00 2.220446049250313e-16 2.220446049250313e-16 6.661338147750939e-16 6.661338147750939e-16 1.110223024625157e-15 1.332267629550188e-15 ...
1.110223024625157e-15 1.332267629550188e-15 1.776356839400250e-15 1.554312234475219e-15 1.554312234475219e-15 1.554312234475219e-15 1.110223024625157e-15 1.110223024625157e-15 ...
1.110223024625157e-15 8.881784197001252e-16 4.440892098500626e-16 2.220446049250313e-16 4.440892098500626e-16 2.220446049250313e-16 2.220446049250313e-16 -4.440892098500626e-16 ...
-8.881784197001252e-16 -1.332267629550188e-15 -1.332267629550188e-15 -1.776356839400250e-15 -1.998401444325282e-15 -2.442490654175344e-15 -2.886579864025407e-15 -3.330669073875470e-15 ...
-4.218847493575595e-15 -4.662936703425657e-15 -5.329070518200751e-15 -6.217248937900877e-15 -5.995204332975845e-15 -6.661338147750939e-15 -6.883382752675971e-15 -7.549516567451064e-15 ...
-7.993605777301127e-15 -8.215650382226158e-15 -9.103828801926284e-15 -9.769962616701378e-15 -1.021405182655144e-14 -1.021405182655144e-14 -1.088018564132653e-14 -1.088018564132653e-14 ...
-1.176836406102666e-14 -1.176836406102666e-14 -1.154631945610163e-14 -1.199040866595169e-14 -1.221245327087672e-14 -1.243449787580175e-14 -1.243449787580175e-14 -1.243449787580175e-14 ...
-1.243449787580175e-14 -1.265654248072678e-14 -1.221245327087672e-14 -1.221245327087672e-14 -1.176836406102666e-14 -1.154631945610163e-14 -1.176836406102666e-14 -1.065814103640150e-14 ...
-1.088018564132653e-14 -1.043609643147647e-14 -1.021405182655144e-14 -9.769962616701378e-15 -9.325873406851315e-15 -8.881784197001252e-15 -7.993605777301127e-15 -7.327471962526033e-15 ...
-6.439293542825908e-15 -5.773159728050814e-15 -5.329070518200751e-15 -4.440892098500626e-15 -3.552713678800501e-15 -3.552713678800501e-15 -2.664535259100376e-15 -1.776356839400250e-15 ...
-8.881784197001252e-16 0.000000000000000e+00 1.162539062500000e-01 ];
