% File written by heat1dImp.C
xa=0; xb=1; kappa=0.1; t=1; maxErr= 5.287e-16; cpuTimeStep= 1.600e-04;
Nx=20; dx=  5.000000e-02; numGhost=1; n1a=0; n1b=20; nd1a=-1; nd1b=21;
solutionName='polyDD';
x=[-5.000000000000000e-02 0.000000000000000e+00 5.000000000000000e-02 1.000000000000000e-01 1.500000000000000e-01 2.000000000000000e-01 2.500000000000000e-01 3.000000000000000e-01 ...
3.500000000000000e-01 4.000000000000000e-01 4.500000000000000e-01 5.000000000000000e-01 5.500000000000000e-01 6.000000000000001e-01 6.500000000000000e-01 7.000000000000001e-01 ...
7.500000000000000e-01 8.000000000000000e-01 8.500000000000001e-01 9.000000000000000e-01 9.500000000000001e-01 1.000000000000000e+00 1.050000000000000e+00 ];
u=[1.170750000000000e+00 1.200000000000000e+00 1.230750000000000e+00 1.263000000000000e+00 1.296750000000000e+00 1.332000000000000e+00 1.368750000000000e+00 1.407000000000000e+00 ...
1.446750000000000e+00 1.488000000000000e+00 1.530750000000000e+00 1.575000000000000e+00 1.620750000000001e+00 1.668000000000001e+00 1.716750000000001e+00 1.767000000000001e+00 ...
1.818750000000001e+00 1.872000000000001e+00 1.926750000000000e+00 1.983000000000001e+00 2.040750000000001e+00 2.100000000000000e+00 2.160750000000000e+00 ];
err=[1.162974380836589e-313 0.000000000000000e+00 0.000000000000000e+00 0.000000000000000e+00 2.220446049250313e-16 -2.220446049250313e-16 2.220446049250313e-16 2.220446049250313e-16 ...
4.440892098500626e-16 4.440892098500626e-16 4.440892098500626e-16 4.440892098500626e-16 6.661338147750939e-16 6.661338147750939e-16 6.661338147750939e-16 6.661338147750939e-16 ...
1.110223024625157e-15 6.661338147750939e-16 4.440892098500626e-16 8.881784197001252e-16 4.440892098500626e-16 0.000000000000000e+00 1.200625000000000e-01 ];
