% File written by heat1dImp.C
xa=0; xb=1; kappa=0.1; t=1; maxErr= 2.997e-16; cpuTimeStep= 7.200e-05;
Nx=10; dx=  1.000000e-01; numGhost=1; n1a=0; n1b=10; nd1a=-1; nd1b=11;
solutionName='polyNN';
x=[-1.000000000000000e-01 0.000000000000000e+00 1.000000000000000e-01 2.000000000000000e-01 3.000000000000000e-01 4.000000000000000e-01 5.000000000000000e-01 6.000000000000001e-01 ...
7.000000000000001e-01 8.000000000000000e-01 9.000000000000000e-01 1.000000000000000e+00 1.100000000000000e+00 ];
u=[1.143000000000000e+00 1.200000000000000e+00 1.263000000000000e+00 1.332000000000000e+00 1.407000000000000e+00 1.488000000000000e+00 1.575000000000000e+00 1.668000000000000e+00 ...
1.766999999999999e+00 1.871999999999999e+00 1.982999999999999e+00 2.100000000000000e+00 2.222999999999999e+00 ];
err=[-2.220446049250313e-16 -2.220446049250313e-16 0.000000000000000e+00 0.000000000000000e+00 0.000000000000000e+00 0.000000000000000e+00 -2.220446049250313e-16 -4.440892098500626e-16 ...
-6.661338147750939e-16 -4.440892098500626e-16 -2.220446049250313e-16 -4.440892098500626e-16 -4.440892098500626e-16 ];
