% File written by heat1dImp.C
xa=0; xb=1; kappa=0.1; t=1; maxErr= 9.249e-16; cpuTimeStep= 1.410e-04;
Nx=20; dx=  5.000000e-02; numGhost=1; n1a=0; n1b=20; nd1a=-1; nd1b=21;
solutionName='polyNN';
x=[-5.000000000000000e-02 0.000000000000000e+00 5.000000000000000e-02 1.000000000000000e-01 1.500000000000000e-01 2.000000000000000e-01 2.500000000000000e-01 3.000000000000000e-01 ...
3.500000000000000e-01 4.000000000000000e-01 4.500000000000000e-01 5.000000000000000e-01 5.500000000000000e-01 6.000000000000001e-01 6.500000000000000e-01 7.000000000000001e-01 ...
7.500000000000000e-01 8.000000000000000e-01 8.500000000000001e-01 9.000000000000000e-01 9.500000000000001e-01 1.000000000000000e+00 1.050000000000000e+00 ];
u=[1.170749999999998e+00 1.199999999999998e+00 1.230749999999998e+00 1.262999999999998e+00 1.296749999999998e+00 1.331999999999998e+00 1.368749999999998e+00 1.406999999999999e+00 ...
1.446749999999999e+00 1.487999999999999e+00 1.530749999999999e+00 1.574999999999999e+00 1.620749999999999e+00 1.667999999999999e+00 1.716749999999999e+00 1.766999999999999e+00 ...
1.818749999999999e+00 1.871999999999999e+00 1.926749999999999e+00 1.982999999999999e+00 2.040750000000000e+00 2.099999999999999e+00 2.160750000000000e+00 ];
err=[-1.998401444325282e-15 -1.998401444325282e-15 -1.998401444325282e-15 -1.776356839400250e-15 -1.776356839400250e-15 -1.776356839400250e-15 -1.554312234475219e-15 -1.332267629550188e-15 ...
-1.332267629550188e-15 -1.110223024625157e-15 -8.881784197001252e-16 -8.881784197001252e-16 -6.661338147750939e-16 -8.881784197001252e-16 -8.881784197001252e-16 -1.110223024625157e-15 ...
-6.661338147750939e-16 -6.661338147750939e-16 -6.661338147750939e-16 -2.220446049250313e-16 -4.440892098500626e-16 -8.881784197001252e-16 -4.440892098500626e-16 ];
