% File written by heat1dImp.C
xa=0; xb=1; kappa=0.1; t=1; maxErr= 4.169e-16; cpuTimeStep= 3.080e-04;
Nx=40; dx=  2.500000e-02; numGhost=1; n1a=0; n1b=40; nd1a=-1; nd1b=41;
solutionName='polyNN';
x=[-2.500000000000000e-02 0.000000000000000e+00 2.500000000000000e-02 5.000000000000000e-02 7.500000000000001e-02 1.000000000000000e-01 1.250000000000000e-01 1.500000000000000e-01 ...
1.750000000000000e-01 2.000000000000000e-01 2.250000000000000e-01 2.500000000000000e-01 2.750000000000000e-01 3.000000000000000e-01 3.250000000000000e-01 3.500000000000000e-01 ...
3.750000000000000e-01 4.000000000000000e-01 4.250000000000000e-01 4.500000000000000e-01 4.750000000000000e-01 5.000000000000000e-01 5.250000000000000e-01 5.500000000000000e-01 ...
5.750000000000001e-01 6.000000000000001e-01 6.250000000000000e-01 6.500000000000000e-01 6.750000000000000e-01 7.000000000000001e-01 7.250000000000001e-01 7.500000000000000e-01 ...
7.750000000000000e-01 8.000000000000000e-01 8.250000000000001e-01 8.500000000000001e-01 8.750000000000000e-01 9.000000000000000e-01 9.250000000000000e-01 9.500000000000001e-01 ...
9.750000000000001e-01 1.000000000000000e+00 1.025000000000000e+00 ];
u=[1.185187500000001e+00 1.200000000000001e+00 1.215187500000001e+00 1.230750000000001e+00 1.246687500000001e+00 1.263000000000000e+00 1.279687500000000e+00 1.296750000000001e+00 ...
1.314187500000001e+00 1.332000000000000e+00 1.350187500000000e+00 1.368750000000000e+00 1.387687500000000e+00 1.407000000000000e+00 1.426687500000000e+00 1.446750000000000e+00 ...
1.467187500000000e+00 1.488000000000000e+00 1.509187500000000e+00 1.530750000000000e+00 1.552687500000000e+00 1.575000000000000e+00 1.597687500000000e+00 1.620750000000000e+00 ...
1.644187500000000e+00 1.668000000000000e+00 1.692187500000000e+00 1.716750000000000e+00 1.741687500000000e+00 1.767000000000000e+00 1.792687500000000e+00 1.818750000000000e+00 ...
1.845187500000000e+00 1.872000000000000e+00 1.899187500000000e+00 1.926750000000000e+00 1.954687500000000e+00 1.983000000000000e+00 2.011687500000000e+00 2.040750000000000e+00 ...
2.070187500000000e+00 2.100000000000000e+00 2.130187500000000e+00 ];
err=[6.661338147750939e-16 6.661338147750939e-16 6.661338147750939e-16 8.881784197001252e-16 6.661338147750939e-16 4.440892098500626e-16 4.440892098500626e-16 6.661338147750939e-16 ...
4.440892098500626e-16 2.220446049250313e-16 -2.220446049250313e-16 2.220446049250313e-16 2.220446049250313e-16 2.220446049250313e-16 2.220446049250313e-16 2.220446049250313e-16 ...
4.440892098500626e-16 0.000000000000000e+00 -2.220446049250313e-16 -4.440892098500626e-16 -2.220446049250313e-16 -2.220446049250313e-16 0.000000000000000e+00 0.000000000000000e+00 ...
2.220446049250313e-16 0.000000000000000e+00 2.220446049250313e-16 2.220446049250313e-16 2.220446049250313e-16 0.000000000000000e+00 -2.220446049250313e-16 0.000000000000000e+00 ...
0.000000000000000e+00 0.000000000000000e+00 0.000000000000000e+00 2.220446049250313e-16 2.220446049250313e-16 4.440892098500626e-16 4.440892098500626e-16 0.000000000000000e+00 ...
4.440892098500626e-16 0.000000000000000e+00 0.000000000000000e+00 ];
