% File written by heat1dImp.C
xa=0; xb=1; kappa=0.1; t=1; maxErr= 1.092e-14; cpuTimeStep= 6.980e-04;
Nx=80; dx=  1.250000e-02; numGhost=1; n1a=0; n1b=80; nd1a=-1; nd1b=81;
solutionName='polyNN';
x=[-1.250000000000000e-02 0.000000000000000e+00 1.250000000000000e-02 2.500000000000000e-02 3.750000000000001e-02 5.000000000000000e-02 6.250000000000000e-02 7.500000000000001e-02 ...
8.750000000000001e-02 1.000000000000000e-01 1.125000000000000e-01 1.250000000000000e-01 1.375000000000000e-01 1.500000000000000e-01 1.625000000000000e-01 1.750000000000000e-01 ...
1.875000000000000e-01 2.000000000000000e-01 2.125000000000000e-01 2.250000000000000e-01 2.375000000000000e-01 2.500000000000000e-01 2.625000000000000e-01 2.750000000000000e-01 ...
2.875000000000000e-01 3.000000000000000e-01 3.125000000000000e-01 3.250000000000000e-01 3.375000000000000e-01 3.500000000000000e-01 3.625000000000000e-01 3.750000000000000e-01 ...
3.875000000000000e-01 4.000000000000000e-01 4.125000000000000e-01 4.250000000000000e-01 4.375000000000000e-01 4.500000000000000e-01 4.625000000000000e-01 4.750000000000000e-01 ...
4.875000000000000e-01 5.000000000000000e-01 5.125000000000001e-01 5.250000000000000e-01 5.375000000000000e-01 5.500000000000000e-01 5.625000000000000e-01 5.750000000000001e-01 ...
5.875000000000000e-01 6.000000000000001e-01 6.125000000000000e-01 6.250000000000000e-01 6.375000000000001e-01 6.500000000000000e-01 6.625000000000001e-01 6.750000000000000e-01 ...
6.875000000000000e-01 7.000000000000001e-01 7.125000000000000e-01 7.250000000000001e-01 7.375000000000000e-01 7.500000000000000e-01 7.625000000000001e-01 7.750000000000000e-01 ...
7.875000000000001e-01 8.000000000000000e-01 8.125000000000000e-01 8.250000000000001e-01 8.375000000000000e-01 8.500000000000001e-01 8.625000000000000e-01 8.750000000000000e-01 ...
8.875000000000001e-01 9.000000000000000e-01 9.125000000000001e-01 9.250000000000000e-01 9.375000000000000e-01 9.500000000000001e-01 9.625000000000000e-01 9.750000000000001e-01 ...
9.875000000000000e-01 1.000000000000000e+00 1.012500000000000e+00 ];
u=[1.192546874999995e+00 1.199999999999995e+00 1.207546874999995e+00 1.215187499999995e+00 1.222921874999995e+00 1.230749999999995e+00 1.238671874999995e+00 1.246687499999995e+00 ...
1.254796874999995e+00 1.262999999999995e+00 1.271296874999995e+00 1.279687499999995e+00 1.288171874999996e+00 1.296749999999995e+00 1.305421874999995e+00 1.314187499999995e+00 ...
1.323046874999995e+00 1.331999999999994e+00 1.341046874999994e+00 1.350187499999994e+00 1.359421874999994e+00 1.368749999999994e+00 1.378171874999994e+00 1.387687499999994e+00 ...
1.397296874999993e+00 1.406999999999993e+00 1.416796874999993e+00 1.426687499999993e+00 1.436671874999993e+00 1.446749999999993e+00 1.456921874999993e+00 1.467187499999993e+00 ...
1.477546874999992e+00 1.487999999999992e+00 1.498546874999991e+00 1.509187499999991e+00 1.519921874999990e+00 1.530749999999989e+00 1.541671874999989e+00 1.552687499999988e+00 ...
1.563796874999988e+00 1.574999999999987e+00 1.586296874999987e+00 1.597687499999986e+00 1.609171874999985e+00 1.620749999999985e+00 1.632421874999984e+00 1.644187499999984e+00 ...
1.656046874999983e+00 1.667999999999983e+00 1.680046874999982e+00 1.692187499999982e+00 1.704421874999981e+00 1.716749999999981e+00 1.729171874999981e+00 1.741687499999981e+00 ...
1.754296874999980e+00 1.766999999999980e+00 1.779796874999980e+00 1.792687499999980e+00 1.805671874999980e+00 1.818749999999979e+00 1.831921874999979e+00 1.845187499999979e+00 ...
1.858546874999978e+00 1.871999999999978e+00 1.885546874999978e+00 1.899187499999978e+00 1.912921874999978e+00 1.926749999999978e+00 1.940671874999978e+00 1.954687499999978e+00 ...
1.968796874999977e+00 1.982999999999977e+00 1.997296874999977e+00 2.011687499999977e+00 2.026171874999978e+00 2.040749999999977e+00 2.055421874999977e+00 2.070187499999977e+00 ...
2.085046874999978e+00 2.099999999999978e+00 2.115046874999977e+00 ];
err=[-4.662936703425657e-15 -4.884981308350689e-15 -4.884981308350689e-15 -4.884981308350689e-15 -4.662936703425657e-15 -4.884981308350689e-15 -4.884981308350689e-15 -4.662936703425657e-15 ...
-4.884981308350689e-15 -4.662936703425657e-15 -4.440892098500626e-15 -4.440892098500626e-15 -4.440892098500626e-15 -4.440892098500626e-15 -4.662936703425657e-15 -4.884981308350689e-15 ...
-5.107025913275720e-15 -5.773159728050814e-15 -5.773159728050814e-15 -5.995204332975845e-15 -5.773159728050814e-15 -5.551115123125783e-15 -5.773159728050814e-15 -6.217248937900877e-15 ...
-6.661338147750939e-15 -6.661338147750939e-15 -6.883382752675971e-15 -7.105427357601002e-15 -6.883382752675971e-15 -7.327471962526033e-15 -7.327471962526033e-15 -7.327471962526033e-15 ...
-7.993605777301127e-15 -8.437694987151190e-15 -8.881784197001252e-15 -9.547918011776346e-15 -9.992007221626409e-15 -1.110223024625157e-14 -1.110223024625157e-14 -1.199040866595169e-14 ...
-1.243449787580175e-14 -1.310063169057685e-14 -1.354472090042691e-14 -1.421085471520200e-14 -1.465494392505207e-14 -1.509903313490213e-14 -1.554312234475219e-14 -1.620925615952729e-14 ...
-1.709743457922741e-14 -1.754152378907747e-14 -1.754152378907747e-14 -1.798561299892754e-14 -1.865174681370263e-14 -1.865174681370263e-14 -1.887379141862766e-14 -1.931788062847772e-14 ...
-1.953992523340276e-14 -1.998401444325282e-14 -1.976196983832779e-14 -2.042810365310288e-14 -2.042810365310288e-14 -2.065014825802791e-14 -2.087219286295294e-14 -2.109423746787797e-14 ...
-2.176037128265307e-14 -2.153832667772804e-14 -2.153832667772804e-14 -2.220446049250313e-14 -2.220446049250313e-14 -2.198241588757810e-14 -2.198241588757810e-14 -2.220446049250313e-14 ...
-2.264854970235319e-14 -2.242650509742816e-14 -2.264854970235319e-14 -2.264854970235319e-14 -2.220446049250313e-14 -2.264854970235319e-14 -2.309263891220326e-14 -2.264854970235319e-14 ...
-2.220446049250313e-14 -2.220446049250313e-14 -2.264854970235319e-14 ];
